"predictor","intercept","age","bmi_pre","gender","antibiotics","ever_smoker","pre_comor_Group3_Endocrine","pre_comor_Anemia","pre_comor_Group5_MentalDisorder","pre_comor_Group6_Nervous","pre_comor_Hypertension","pre_comor_Group8_Respiratory","pre_comor_Rheumatism"
"intercept",0.0871842111034156,-0.000831753855011099,-0.000954991579013403,-0.00101951544755793,-0.00242037837695462,-0.00440165116777988,0.00155760273181297,0.000197661599400864,-0.00162442114490454,-0.00063081905064969,0.00363183167156997,-0.000281128875056644,-0.00132850109007235
"age",-0.000831753855011099,1.17798378454818e-05,3.48099937359197e-06,-1.04251836636994e-05,-1.13892465709782e-05,3.88647735067658e-05,-2.99887540879478e-05,-1.68984346514626e-05,3.91040313639554e-05,-1.59155118002864e-07,-5.48977832164151e-05,1.00275216486617e-05,1.11645369831888e-05
"bmi_pre",-0.000954991579013403,3.48099937359197e-06,2.27839369832239e-05,-3.5635268210376e-05,3.51590805909609e-05,1.97861033105504e-05,-4.09513946752187e-05,2.22762598078194e-05,-7.10193880840609e-06,1.41617447226454e-05,-4.86918104049229e-05,-1.04049410003767e-05,2.83781660558483e-06
"gender",-0.00101951544755793,-1.04251836636994e-05,-3.5635268210376e-05,0.00561575025044977,-5.90669902190975e-05,0.000719698822018806,-1.18080501327956e-07,-0.000128833206144785,-0.000982234697374101,-9.85129852672117e-05,0.000259478868538106,-0.000384741514928889,-0.000374538218181413
"antibiotics",-0.00242037837695462,-1.13892465709782e-05,3.51590805909609e-05,-5.90669902190975e-05,0.00643456670377201,9.65729110845122e-05,8.88992819345082e-05,-2.4978671881978e-05,-0.000106698098091,-0.000160169966049185,0.000134934333235673,-0.00030137962326123,0.000174170528311322
"ever_smoker",-0.00440165116777988,3.88647735067658e-05,1.97861033105504e-05,0.000719698822018806,9.65729110845122e-05,0.00810017542376081,-0.00049025298039676,-0.000162958621863445,-0.000951583943716954,-0.000610323942663548,-0.000392136665813653,-0.000978063919798565,-0.000525853012878157
"pre_comor_Group3_Endocrine",0.00155760273181297,-2.99887540879478e-05,-4.09513946752187e-05,-1.18080501327956e-07,8.88992819345082e-05,-0.00049025298039676,0.0088046098732215,-0.00135009123928651,-0.000945093532365942,-0.000919313547406005,-0.00357320840845974,-0.00103443378196715,-0.000808469244662889
"pre_comor_Anemia",0.000197661599400864,-1.68984346514626e-05,2.22762598078194e-05,-0.000128833206144785,-2.4978671881978e-05,-0.000162958621863445,-0.00135009123928651,0.0103177024054376,-0.000936732503199165,-0.000790987403796428,-0.00069832854941193,-0.00078441317310914,-0.000525680523401433
"pre_comor_Group5_MentalDisorder",-0.00162442114490454,3.91040313639554e-05,-7.10193880840609e-06,-0.000982234697374101,-0.000106698098091,-0.000951583943716954,-0.000945093532365942,-0.000936732503199165,0.0125101634987525,-0.00187033409728975,-0.000380721597788904,-0.00115564329135173,-0.000792280399624991
"pre_comor_Group6_Nervous",-0.00063081905064969,-1.59155118002864e-07,1.41617447226454e-05,-9.85129852672117e-05,-0.000160169966049185,-0.000610323942663548,-0.000919313547406005,-0.000790987403796428,-0.00187033409728975,0.00942811416988355,-0.000516855986812643,-0.0014075705542666,-0.00149270968372486
"pre_comor_Hypertension",0.00363183167156997,-5.48977832164151e-05,-4.86918104049229e-05,0.000259478868538106,0.000134934333235673,-0.000392136665813653,-0.00357320840845974,-0.00069832854941193,-0.000380721597788904,-0.000516855986812643,0.00821815851119193,-0.000588011693819218,-0.000288391046566157
"pre_comor_Group8_Respiratory",-0.000281128875056644,1.00275216486617e-05,-1.04049410003767e-05,-0.000384741514928889,-0.00030137962326123,-0.000978063919798565,-0.00103443378196715,-0.00078441317310914,-0.00115564329135173,-0.0014075705542666,-0.000588011693819218,0.00914056256312909,-0.000817255134407456
"pre_comor_Rheumatism",-0.00132850109007235,1.11645369831888e-05,2.83781660558483e-06,-0.000374538218181413,0.000174170528311322,-0.000525853012878157,-0.000808469244662889,-0.000525680523401433,-0.000792280399624991,-0.00149270968372486,-0.000288391046566157,-0.000817255134407456,0.00825628024118901
