"predictor","intercept","age","bmi_pre","gender","antibiotics","ever_smoker","pre_comor_Group3_Endocrine","pre_comor_Anemia","pre_comor_Group5_MentalDisorder","pre_comor_Group6_Nervous","pre_comor_Hypertension","pre_comor_Group8_Respiratory","pre_comor_Rheumatism"
"intercept",0.0173828309498627,-0.000161773949896904,-0.000189945810767155,-0.000372895284252485,-0.000540619563238366,-0.000687034813652728,0.000126295566467674,7.52625603781976e-05,-0.000285512532037397,-6.44252727390833e-05,0.000678039444575255,-5.11558438392614e-05,-0.000176550498113109
"age",-0.000161773949896904,2.19493122992071e-06,8.22856776177259e-07,-1.655053936709e-06,-1.71041453739711e-06,6.07138594193682e-06,-5.20936263199817e-06,-3.33727722772572e-06,6.77042296564454e-06,-7.00992317488873e-07,-1.03395641940482e-05,1.55413085583654e-06,1.14105472875572e-06
"bmi_pre",-0.000189945810767155,8.22856776177259e-07,4.41167007475668e-06,-4.78646529354256e-06,5.34306363990137e-06,3.33524258573851e-06,-7.41311328972938e-06,3.42480165944213e-06,-1.36156918968701e-06,1.94280916424346e-06,-9.84572368290075e-06,-2.1760288828864e-06,1.34013136146108e-07
"gender",-0.000372895284252485,-1.655053936709e-06,-4.78646529354256e-06,0.00100665414039527,-2.30699000206576e-06,0.000140504730716954,2.01741357260554e-06,-1.09915652268181e-05,-0.000149218652184447,-9.44641246580126e-06,3.74079571969769e-05,-5.7245091026328e-05,-6.16070767468527e-05
"antibiotics",-0.000540619563238366,-1.71041453739711e-06,5.34306363990137e-06,-2.30699000206576e-06,0.000893329580578262,-1.02370071277492e-06,3.16196811297173e-05,1.88292767570714e-05,-3.09804855842301e-06,-8.45896032205794e-06,3.24255700623851e-05,-3.2444216197108e-05,4.15631325576345e-05
"ever_smoker",-0.000687034813652728,6.07138594193682e-06,3.33524258573851e-06,0.000140504730716954,-1.02370071277492e-06,0.00141277455183249,-7.61716299451542e-05,-3.41642038306423e-05,-0.000145056383451133,-9.40908742512073e-05,-6.33135904986884e-05,-0.000156960056672574,-8.19614818783484e-05
"pre_comor_Group3_Endocrine",0.000126295566467674,-5.20936263199817e-06,-7.41311328972938e-06,2.01741357260554e-06,3.16196811297173e-05,-7.61716299451542e-05,0.00148836131105632,-0.000173933744980331,-0.000129334765613385,-0.000142966322161434,-0.000552417089254346,-0.00016905635588147,-0.00012093671403737
"pre_comor_Anemia",7.52625603781976e-05,-3.33727722772572e-06,3.42480165944213e-06,-1.09915652268181e-05,1.88292767570714e-05,-3.41642038306423e-05,-0.000173933744980331,0.00153074404403584,-0.000127152018564311,-0.000109860083186339,-8.81259200540813e-05,-9.55128912886186e-05,-6.720536443995e-05
"pre_comor_Group5_MentalDisorder",-0.000285512532037397,6.77042296564454e-06,-1.36156918968701e-06,-0.000149218652184447,-3.09804855842301e-06,-0.000145056383451133,-0.000129334765613385,-0.000127152018564311,0.00179843727976444,-0.000234938684785477,-5.01555311560726e-05,-0.000145696827144192,-0.000119320981710135
"pre_comor_Group6_Nervous",-6.44252727390833e-05,-7.00992317488873e-07,1.94280916424346e-06,-9.44641246580126e-06,-8.45896032205794e-06,-9.40908742512073e-05,-0.000142966322161434,-0.000109860083186339,-0.000234938684785477,0.00128502696844394,-6.91114892332462e-05,-0.000191896446204127,-0.000212607916332911
"pre_comor_Hypertension",0.000678039444575255,-1.03395641940482e-05,-9.84572368290075e-06,3.74079571969769e-05,3.24255700623851e-05,-6.33135904986884e-05,-0.000552417089254346,-8.81259200540813e-05,-5.01555311560726e-05,-6.91114892332462e-05,0.00130238673854006,-7.71081670365945e-05,-3.78279105260458e-05
"pre_comor_Group8_Respiratory",-5.11558438392614e-05,1.55413085583654e-06,-2.1760288828864e-06,-5.7245091026328e-05,-3.2444216197108e-05,-0.000156960056672574,-0.00016905635588147,-9.55128912886186e-05,-0.000145696827144192,-0.000191896446204127,-7.71081670365945e-05,0.00122235249629179,-0.000111979638375679
"pre_comor_Rheumatism",-0.000176550498113109,1.14105472875572e-06,1.34013136146108e-07,-6.16070767468527e-05,4.15631325576345e-05,-8.19614818783484e-05,-0.00012093671403737,-6.720536443995e-05,-0.000119320981710135,-0.000212607916332911,-3.78279105260458e-05,-0.000111979638375679,0.00119019029084269
